52211797
394821617
115814945
74876040
189174826
5347161
160834922
90143589
153492076
58485146
33445561
38627429
67200684
2109568
115134111
270605237
137298134
27450704
2924244
3055170
6457945
11993042
19830790
1700846
674630
214701170
3628722
319800199
23125867
196025454
8935308
5479557
7742750
45303663
176077290
1210635
4544106
137390666
1038604
14341486
3835186
1522340
191101636
34334774
22107340
1367166
311360764
895322
390114849
42227323
96372452
344159644
179740663
267881674
57371479
3708797
38115144
220439146
3266713
153009068
139539898
363568189
56033453
96299784
10546287
14488789
17352077
42263619
222610719
82873748
267332280
211733068
376888234
28684185
164237182
19769640
3763959
9499922
10522675
17111464
7453954
1663967
155307308
2002851
103025095
278598140
92658035
51185495
96716
3738290
320925884
1688377
1287951
7038432
396547569
1597663
61502073
5936344
7356229
16025979
259880070
5301415
198205681
2374122
8196567
160542728
63622362
6313584
2979542
2342583
339698127
26124243
50753
209629587
6496915
2018216
159100419
20851632
184322632
21415550
96300065
3251479
4543003
234359373
331398612
144697724
8501136
16242613
18531458
2183646
273981845
1509223
1313263
10328253
4802225
3354468
33305163
5189763
6146908
31761954
135548820
8186776
7048740
235297082
255194271
2235943
342390992
30645370
4584347
10356393
101836743
372177708
2882379
252053020
15608285
5926583
70345746
8572327
2065328
249921337
24106755
252699104
1683494
160977012
1465875
325946588
59621803
23131663
43472042
19884603
332659230
2632436
49594089
2711805
1181190
1627348
18333551
15584211
716727
29035651
192947166
6833026
2062316
124344513
2017231
10770537
33946901
28843989
4655351
1421039
6926581
1061542
204501238
11158424
85866
15770607
217054643
4441601
8438369
9285
4597708
958523
69028819
463444
3637658
441766
140238196
1288506
1892151
317977240
165168279
3693729
165240455
18137894
17806333
345388496
284247780
371196
20490881
8391523
48309955
223701133
391482
318902
2610185
286869869
1489623
9321847
382581548
196051699
90570905
3288984
62173231
5640218
55677669
4402676
135219332
6205915
2191443
899746
4171642
2464331
2903338
2139601
236869
212863478
15136681
3742062
6342509
331146415
5469169
10140862
50658924
29738
287038383
5389772
218128950
2665894
64825306
42947177
3612492
8415118
4157097
7082229
148920359
4023825
60568559
89047838
15808795
171213101
85020111
3904581
21197532
1489916
42687704
3058865
2327242
2993197
35159204
6656711
87578
9348835
303491
207016462
139311527
125322
2120851
22002337
69515565
22400903
889685
1222194
261825700
411523
1819687
81520
27423764
7541455
26159414
2116872
2929633
273133598
21794104
1888559
2942148
2547994
156161953
163914072
103821009
5459153
223772859
766139
25693011
1149048
4686717
63488380
34183283
4324988
1646942
15371172
3379657
3196117
50845004
282292
3346168
1741062
13498483
209763
2230268
193894304
157295162
46512028
13894266
32183450
32825076
5370944
8598543
1020873
306687315
954113
2112783
2351625
280887402
5462833
5413911
3790528
10833475
143037592
28584007
11267601
138180338
4024703
143386314
7680820
10082337
2745450
269441517
62565915
22337
37013544
49795057
7943179
2518853
193745577
2695696
35695364
209530155
79069602
2044503
9589868
9636540
304920380
311404487
3379741
118523
147858398
29113837
337175900
1758609
4861267
350745881
986554
195292426
68366
144872888
5448056
30235499
6487865
21675552
10311780
220320386
70394043
339786517
22792995
14183693
7251093
3246894
2581863
79258979
83930
2129085
6561499
2880286
1486974
4300295
140335469
245357820
265262028
778831
32343161
42793655
76190016
13441771
271663
1530803
18186036
275141602
21185641
110320108
252398544
71538800
7537107
52971911
304855333
2732922
93403311
231326
4290466
3474479
1121810
51025591
20546184
5454144
42557707
4892941
2245471
45287183
14800997
144475
173974610
9251621
20392854
151214394
234675680
312575827
3238847
2110455
15414043
36018
2753553
189700981
503679
2474780
1135605
831296
5886358
338093345
1949182
7762392
1910649
1851870
30094436
17511385
200324307
1572978
407844090
4529662
321708362
20518064
1974344
263619
12599957
11940871
96266467
180424826
2850783
4318077
7496257
377091
1681590
2058606
126186736
66177558
134866249
2048836
221457885
65088206
1733254
5448981
2776376
10849591
1539177
43044414
283317366
9119446
114595525
3700094
351552563
193303887
11280676
60148259
322786506
18402805
132863907
288907932
